cube	(16, 16, 16)
../Shapes/Piece0.binvox	240	9.099128658593958	780
../Shapes/Piece1.binvox	448	968.1760319656248	777
../Shapes/Piece0.binvox	240	4.481868821771342	780
../Shapes/Piece1.binvox	448	3.041466249466568	777
../Shapes/Piece3.binvox	56	9.075349906617655	779
../Shapes/Piece3.binvox	56	5.6766399032524015	779
../Shapes/Piece3.binvox	56	3.7896273642829374	779
../Shapes/Piece2.binvox	180	6.8867607149739785	778
../Shapes/Piece3.binvox	56	5.773371054078671	779
../Shapes/Piece1.binvox	448	5.342166610943524	777
../Shapes/Piece0.binvox	240	913.5187107527244	780
../Shapes/Piece1.binvox	448	6.435657717150741	777
../Shapes/Piece3.binvox	56	7.994657655692501	779
../Shapes/Piece3.binvox	56	9.339844911132838	779
../Shapes/Piece0.binvox	240	2.6864261663749347	780
../Shapes/Piece0.binvox	240	1029.9090517631655	780
../Shapes/Piece1.binvox	448	6.715399931371322	777
../Shapes/Piece0.binvox	240	2.026719997635233	780
../Shapes/Piece2.binvox	180	3.9963470242227	778
../Shapes/Piece0.binvox	240	6.367409042227547	780
../Shapes/Piece0.binvox	240	7.887914469253108	780
../Shapes/Piece0.binvox	240	4.87584538577317	780
../Shapes/Piece2.binvox	180	8.433649978730603	778
../Shapes/Piece3.binvox	56	5.366897139645307	779
../Shapes/Piece2.binvox	180	7.853225651121019	778
../Shapes/Piece3.binvox	56	1.1046078748285701	779
../Shapes/Piece3.binvox	56	5.099330575518252	779
../Shapes/Piece2.binvox	180	1.5653941339004778	778
../Shapes/Piece1.binvox	448	4.9507485886472935	777
../Shapes/Piece3.binvox	56	9.482363640861276	779
../Shapes/Piece0.binvox	240	8.323116447377256	780
../Shapes/Piece2.binvox	180	1018.0724961291163	778
../Shapes/Piece2.binvox	180	1022.4452400731109	778
../Shapes/Piece0.binvox	240	935.0607248588062	780
../Shapes/Piece3.binvox	56	6.486111509583157	779
../Shapes/Piece0.binvox	240	1086.7170677836148	780
../Shapes/Piece1.binvox	448	9.336968815194568	777
../Shapes/Piece0.binvox	240	8.21490223487412	780
../Shapes/Piece0.binvox	240	7.281901012276476	780
../Shapes/Piece2.binvox	180	945.7506976012625	778
../Shapes/Piece0.binvox	240	8.102698961817037	780
../Shapes/Piece3.binvox	56	5.086801280969544	779
../Shapes/Piece2.binvox	180	1030.8891741745529	778
