cube	(16, 16, 16)
../Shapes/Piece3.binvox	56	5.090116381385428	779
../Shapes/Piece0.binvox	240	1.7310741934203433	780
../Shapes/Piece2.binvox	180	7.56127348403189	778
../Shapes/Piece0.binvox	240	3.2376361290921536	780
../Shapes/Piece2.binvox	180	6.761780528898547	778
../Shapes/Piece1.binvox	448	9.259972665050118	777
../Shapes/Piece1.binvox	448	906.6359447281138	777
../Shapes/Piece0.binvox	240	7.781593994791455	780
../Shapes/Piece1.binvox	448	2.662451659862935	777
../Shapes/Piece0.binvox	240	6.106738588204768	780
../Shapes/Piece2.binvox	180	7.5849115535884915	778
../Shapes/Piece0.binvox	240	2.7985388260994695	780
../Shapes/Piece3.binvox	56	6.006753228955082	779
../Shapes/Piece0.binvox	240	1.9272962060399317	780
../Shapes/Piece3.binvox	56	2.572522035650507	779
../Shapes/Piece2.binvox	180	2.7901173736314124	778
../Shapes/Piece3.binvox	56	9.324108025243362	779
../Shapes/Piece0.binvox	240	4.193157586525455	780
../Shapes/Piece2.binvox	180	9.531332911185649	778
../Shapes/Piece3.binvox	56	3.172384330734398	779
../Shapes/Piece0.binvox	240	7.539237746701892	780
../Shapes/Piece2.binvox	180	5.458693534760574	778
../Shapes/Piece1.binvox	448	8.877163035866808	777
../Shapes/Piece2.binvox	180	7.341412398878716	778
../Shapes/Piece3.binvox	56	5.310900806997584	779
../Shapes/Piece3.binvox	56	5.84251862058896	779
../Shapes/Piece0.binvox	240	8.494651651112589	780
../Shapes/Piece3.binvox	56	7.135242369801441	779
../Shapes/Piece0.binvox	240	1096.326121384589	780
../Shapes/Piece0.binvox	240	910.6471051241386	780
../Shapes/Piece3.binvox	56	6.253537484827409	779
../Shapes/Piece1.binvox	448	5.084508212074858	777
../Shapes/Piece3.binvox	56	1.4092676656187701	779
../Shapes/Piece2.binvox	180	2.5605300870976597	778
../Shapes/Piece3.binvox	56	4.345216543086792	779
../Shapes/Piece1.binvox	448	3.449821715300264	777
../Shapes/Piece1.binvox	448	3.1584835496925576	777
../Shapes/Piece0.binvox	240	8.992245385771037	780
../Shapes/Piece0.binvox	240	9.589772201063832	780
../Shapes/Piece0.binvox	240	1.8494401406507164	780
../Shapes/Piece2.binvox	180	1.5159351953826579	778
../Shapes/Piece0.binvox	240	2.5235119509512063	780
../Shapes/Piece3.binvox	56	993.9752275693172	779
