cylinder	(19, 19, 19)
../Shapes/Piece3.binvox	56	5.471298612540234	779
../Shapes/Piece1.binvox	448	7.125417876196792	777
../Shapes/Piece3.binvox	56	3.135895754158102	779
../Shapes/Piece0.binvox	240	8.833123416181326	780
../Shapes/Piece1.binvox	448	3.969964826529873	777
../Shapes/Piece1.binvox	448	1.6763102269705255	777
../Shapes/Piece3.binvox	56	943.9073802278695	779
../Shapes/Piece3.binvox	56	5.949341736547175	779
../Shapes/Piece0.binvox	240	8.623048131173597	780
../Shapes/Piece1.binvox	448	3.294365408273607	777
../Shapes/Piece0.binvox	240	1009.7848047418943	780
../Shapes/Piece2.binvox	180	933.427060583663	778
../Shapes/Piece0.binvox	240	9.812459251898838	780
../Shapes/Piece3.binvox	56	7.785126110846654	779
../Shapes/Piece2.binvox	180	7.013030642399267	778
../Shapes/Piece0.binvox	240	9.204912209575518	780
../Shapes/Piece2.binvox	180	1088.3243315877382	778
../Shapes/Piece2.binvox	180	5.440873012441294	778
../Shapes/Piece0.binvox	240	7.498688946493711	780
../Shapes/Piece0.binvox	240	9.293484065441632	780
../Shapes/Piece1.binvox	448	7.266658788350446	777
../Shapes/Piece3.binvox	56	910.6975512466203	779
../Shapes/Piece0.binvox	240	2.036073529815248	780
../Shapes/Piece2.binvox	180	1.4497589942360656	778
../Shapes/Piece0.binvox	240	6.090922635354388	780
../Shapes/Piece1.binvox	448	7.48610945579962	777
../Shapes/Piece2.binvox	180	2.555348741001774	778
../Shapes/Piece1.binvox	448	4.1148864167127295	777
../Shapes/Piece0.binvox	240	3.478823962027758	780
../Shapes/Piece0.binvox	240	4.21794604416527	780
../Shapes/Piece3.binvox	56	8.811409366947473	779
../Shapes/Piece3.binvox	56	2.5006802289694923	779
../Shapes/Piece0.binvox	240	1.7249533473129568	780
../Shapes/Piece3.binvox	56	1023.1069641891321	779
../Shapes/Piece0.binvox	240	936.3668234212727	780
../Shapes/Piece2.binvox	180	6.899611823631925	778
../Shapes/Piece3.binvox	56	6.7094775529582416	779
../Shapes/Piece0.binvox	240	2.525240902735098	780
../Shapes/Piece2.binvox	180	3.4924775312077703	778
../Shapes/Piece3.binvox	56	3.434556618798701	779
../Shapes/Piece3.binvox	56	9.346297098101443	779
../Shapes/Piece2.binvox	180	7.672629534673819	778
../Shapes/Piece0.binvox	240	6.607015326702488	780
