cylinder	(19, 19, 19)
../Shapes/Piece3.binvox	56	7.335165640144415	779
../Shapes/Piece0.binvox	240	1.3719167922906923	780
../Shapes/Piece0.binvox	240	9.873992144260052	780
../Shapes/Piece0.binvox	240	2.708841778321242	780
../Shapes/Piece3.binvox	56	8.588013785952244	779
../Shapes/Piece2.binvox	180	2.758136606042684	778
../Shapes/Piece0.binvox	240	2.3456831611440823	780
../Shapes/Piece1.binvox	448	942.8331121388244	777
../Shapes/Piece0.binvox	240	5.404803597038024	780
../Shapes/Piece1.binvox	448	999.4397441116741	777
../Shapes/Piece3.binvox	56	8.954141745646474	779
../Shapes/Piece2.binvox	180	9.11786488597627	778
../Shapes/Piece3.binvox	56	1.264297030272421	779
../Shapes/Piece0.binvox	240	2.5969412833739214	780
../Shapes/Piece1.binvox	448	995.2169132232924	777
../Shapes/Piece0.binvox	240	8.081900933776136	780
../Shapes/Piece3.binvox	56	1.39748360741961	779
../Shapes/Piece1.binvox	448	982.9123156772346	777
../Shapes/Piece0.binvox	240	9.071651124321898	780
../Shapes/Piece3.binvox	56	3.5914015403056814	779
../Shapes/Piece0.binvox	240	1098.7254422629042	780
../Shapes/Piece2.binvox	180	1.9601174900543916	778
../Shapes/Piece1.binvox	448	9.83981820293935	777
../Shapes/Piece2.binvox	180	1.64611778312459	778
../Shapes/Piece3.binvox	56	5.212458642255079	779
../Shapes/Piece0.binvox	240	4.465456963439717	780
../Shapes/Piece0.binvox	240	1093.659498449244	780
../Shapes/Piece2.binvox	180	6.945405434971686	778
../Shapes/Piece3.binvox	56	9.97079991334046	779
../Shapes/Piece2.binvox	180	8.427526642512149	778
../Shapes/Piece2.binvox	180	1.3675458459188716	778
../Shapes/Piece3.binvox	56	4.715326803996545	779
../Shapes/Piece1.binvox	448	7.571137395283083	777
../Shapes/Piece0.binvox	240	1006.4904137147726	780
../Shapes/Piece3.binvox	56	9.532638622332966	779
../Shapes/Piece0.binvox	240	2.855691500980277	780
../Shapes/Piece0.binvox	240	8.595196632252701	780
../Shapes/Piece3.binvox	56	4.789449687448206	779
../Shapes/Piece2.binvox	180	4.950642741746045	778
../Shapes/Piece0.binvox	240	8.108256279369787	780
../Shapes/Piece2.binvox	180	5.959175529783107	778
../Shapes/Piece1.binvox	448	5.742377985597408	777
../Shapes/Piece3.binvox	56	8.289989250852102	779
