cube	(16, 16, 16)
../Shapes/Piece3.binvox	56	8.15370392361919	779
../Shapes/Piece1.binvox	448	3.1119647375236803	777
../Shapes/Piece3.binvox	56	2.72442267286273	779
../Shapes/Piece0.binvox	240	1023.4989919393664	780
../Shapes/Piece1.binvox	448	999.2525296888858	777
../Shapes/Piece1.binvox	448	5.307424524663866	777
../Shapes/Piece3.binvox	56	9.733784682562613	779
../Shapes/Piece3.binvox	56	8.459138337245514	779
../Shapes/Piece0.binvox	240	1094.881691970087	780
../Shapes/Piece1.binvox	448	6.667514731305727	777
../Shapes/Piece0.binvox	240	4.345506694158803	780
../Shapes/Piece2.binvox	180	2.065440470305642	778
../Shapes/Piece0.binvox	240	1089.481582125494	780
../Shapes/Piece3.binvox	56	3.6063938660144044	779
../Shapes/Piece2.binvox	180	1038.1258708995927	778
../Shapes/Piece0.binvox	240	9.142761713983209	780
../Shapes/Piece2.binvox	180	1046.0896559702414	778
../Shapes/Piece2.binvox	180	1004.7025168464854	778
../Shapes/Piece0.binvox	240	3.7469627496176097	780
../Shapes/Piece0.binvox	240	1075.9350794033003	780
../Shapes/Piece1.binvox	448	4.06719238240984	777
../Shapes/Piece3.binvox	56	982.5035613039	779
../Shapes/Piece0.binvox	240	5.982318861141511	780
../Shapes/Piece2.binvox	180	6.093158772932208	778
../Shapes/Piece0.binvox	240	7.203252088251253	780
../Shapes/Piece1.binvox	448	1007.2732681756033	777
../Shapes/Piece2.binvox	180	8.050739918318614	778
../Shapes/Piece1.binvox	448	3.0378777249515636	777
../Shapes/Piece0.binvox	240	7.335474778282754	780
../Shapes/Piece0.binvox	240	6.239758708890594	780
../Shapes/Piece3.binvox	56	5.537754668639071	779
../Shapes/Piece3.binvox	56	1099.0078707617379	779
../Shapes/Piece0.binvox	240	3.52235568146373	780
../Shapes/Piece3.binvox	56	4.587177546112162	779
../Shapes/Piece0.binvox	240	4.325508798321312	780
../Shapes/Piece2.binvox	180	5.610547525637752	778
../Shapes/Piece3.binvox	56	963.4287287281102	779
../Shapes/Piece0.binvox	240	6.846150791437412	780
../Shapes/Piece2.binvox	180	4.643419827009851	778
../Shapes/Piece3.binvox	56	1.4282748498304032	779
../Shapes/Piece3.binvox	56	930.9710667940662	779
../Shapes/Piece2.binvox	180	9.316704042494981	778
../Shapes/Piece0.binvox	240	8.460244449514377	780
