cylinder	(19, 19, 19)
../Shapes/Piece0.binvox	240	4.341188144938901	780
../Shapes/Piece1.binvox	448	3.4036804417332975	777
../Shapes/Piece0.binvox	240	1004.426253988917	780
../Shapes/Piece1.binvox	448	2.5842322258595796	777
../Shapes/Piece3.binvox	56	6.555076553767329	779
../Shapes/Piece3.binvox	56	6.420219751433212	779
../Shapes/Piece3.binvox	56	907.9228437758034	779
../Shapes/Piece2.binvox	180	3.565415348717328	778
../Shapes/Piece3.binvox	56	1016.6951461418492	779
../Shapes/Piece1.binvox	448	8.655513678224928	777
../Shapes/Piece0.binvox	240	1070.9816266421435	780
../Shapes/Piece1.binvox	448	947.0669922757086	777
../Shapes/Piece3.binvox	56	5.412138093862473	779
../Shapes/Piece3.binvox	56	6.087427387610157	779
../Shapes/Piece0.binvox	240	9.186343866595776	780
../Shapes/Piece0.binvox	240	8.885012274413423	780
../Shapes/Piece1.binvox	448	2.022278889450966	777
../Shapes/Piece0.binvox	240	959.8937221821013	780
../Shapes/Piece2.binvox	180	6.798005232376265	778
../Shapes/Piece0.binvox	240	9.422843605102376	780
../Shapes/Piece0.binvox	240	910.2914757723206	780
../Shapes/Piece0.binvox	240	1079.4916167632903	780
../Shapes/Piece2.binvox	180	7.022866581501835	778
../Shapes/Piece3.binvox	56	3.130746211874527	779
../Shapes/Piece2.binvox	180	982.4173155780414	778
../Shapes/Piece3.binvox	56	7.619954365210371	779
../Shapes/Piece3.binvox	56	2.2758531050311572	779
../Shapes/Piece2.binvox	180	6.606385478066208	778
../Shapes/Piece1.binvox	448	9.836006688074285	777
../Shapes/Piece3.binvox	56	996.6374419812657	779
../Shapes/Piece0.binvox	240	1081.1139533422986	780
../Shapes/Piece2.binvox	180	3.230834064693485	778
../Shapes/Piece2.binvox	180	4.328681063155252	778
../Shapes/Piece0.binvox	240	5.863701073299713	780
../Shapes/Piece3.binvox	56	1000.467697982341	779
../Shapes/Piece0.binvox	240	1025.8991864880652	780
../Shapes/Piece1.binvox	448	2.388067152888527	777
../Shapes/Piece0.binvox	240	1060.905373856305	780
../Shapes/Piece0.binvox	240	5.571088666924535	780
../Shapes/Piece2.binvox	180	8.943113765688938	778
../Shapes/Piece0.binvox	240	1.010307845768923	780
../Shapes/Piece3.binvox	56	5.722766094962907	779
../Shapes/Piece2.binvox	180	5.363396807665108	778
