cylinder	(19, 19, 19)
../Shapes/Piece3.binvox	56	9.099768518709858	779
../Shapes/Piece0.binvox	240	4.57481668080855	780
../Shapes/Piece2.binvox	180	916.2320219470212	778
../Shapes/Piece0.binvox	240	1080.8637592250789	780
../Shapes/Piece2.binvox	180	2.690900006637257	778
../Shapes/Piece1.binvox	448	4.644121488239834	777
../Shapes/Piece1.binvox	448	6.576946270440974	777
../Shapes/Piece0.binvox	240	1003.4933258247531	780
../Shapes/Piece1.binvox	448	7.247578860104358	777
../Shapes/Piece0.binvox	240	6.261346733029213	780
../Shapes/Piece2.binvox	180	5.693689186983637	778
../Shapes/Piece0.binvox	240	1010.9376202498665	780
../Shapes/Piece3.binvox	56	1003.396440815975	779
../Shapes/Piece0.binvox	240	6.1301494775199314	780
../Shapes/Piece3.binvox	56	4.606603630582323	779
../Shapes/Piece2.binvox	180	5.867285046590271	778
../Shapes/Piece3.binvox	56	1.4488253598202463	779
../Shapes/Piece0.binvox	240	3.7462245475645735	780
../Shapes/Piece2.binvox	180	920.2376340793132	778
../Shapes/Piece3.binvox	56	905.5001951298138	779
../Shapes/Piece0.binvox	240	7.202863287711683	780
../Shapes/Piece2.binvox	180	3.9710535125403372	778
../Shapes/Piece1.binvox	448	5.320510563084734	777
../Shapes/Piece2.binvox	180	5.904330426546945	778
../Shapes/Piece3.binvox	56	1020.4242063612436	779
../Shapes/Piece3.binvox	56	1048.9771091231025	779
../Shapes/Piece0.binvox	240	8.524460845871783	780
../Shapes/Piece3.binvox	56	7.499295733854447	779
../Shapes/Piece0.binvox	240	951.6853156934523	780
../Shapes/Piece0.binvox	240	4.541796529526813	780
../Shapes/Piece3.binvox	56	2.815688442223252	779
../Shapes/Piece1.binvox	448	5.461524996814971	777
../Shapes/Piece3.binvox	56	5.760943875283227	779
../Shapes/Piece2.binvox	180	7.325287914099139	778
../Shapes/Piece3.binvox	56	7.182837589040047	779
../Shapes/Piece1.binvox	448	1094.5439820967902	777
../Shapes/Piece1.binvox	448	911.5808453154388	777
../Shapes/Piece0.binvox	240	8.296607705483975	780
../Shapes/Piece0.binvox	240	3.1781713100688385	780
../Shapes/Piece0.binvox	240	6.849579213954004	780
../Shapes/Piece2.binvox	180	7.936792900417282	778
../Shapes/Piece0.binvox	240	6.3323842870578	780
../Shapes/Piece3.binvox	56	9.78250878662363	779
