cube	(16, 16, 16)
../Shapes/Piece2.binvox	180	1012.088877971118	778
../Shapes/Piece1.binvox	448	4.967413399690651	777
../Shapes/Piece2.binvox	180	7.6692355172609386	778
../Shapes/Piece3.binvox	56	4.500015377926683	779
../Shapes/Piece1.binvox	448	1006.2996213052905	777
../Shapes/Piece1.binvox	448	959.0020372880984	777
../Shapes/Piece2.binvox	180	7.625126067364171	778
../Shapes/Piece0.binvox	240	5.97261393253035	780
../Shapes/Piece0.binvox	240	8.645182662187956	780
../Shapes/Piece3.binvox	56	3.8141481009636315	779
../Shapes/Piece0.binvox	240	8.538584608383474	780
../Shapes/Piece2.binvox	180	2.5691366687443558	778
../Shapes/Piece0.binvox	240	7.801170408089415	780
../Shapes/Piece3.binvox	56	5.2537120950101475	779
../Shapes/Piece0.binvox	240	8.604853352904236	780
../Shapes/Piece3.binvox	56	7.888968746587194	779
../Shapes/Piece1.binvox	448	7.969408687560014	777
../Shapes/Piece3.binvox	56	5.563241117968706	779
../Shapes/Piece0.binvox	240	6.234147505332655	780
../Shapes/Piece0.binvox	240	919.4212110854345	780
../Shapes/Piece2.binvox	180	9.401892901915657	778
../Shapes/Piece3.binvox	56	9.44209406214679	779
../Shapes/Piece3.binvox	56	923.6054244174214	779
../Shapes/Piece3.binvox	56	932.3400759476938	779
../Shapes/Piece0.binvox	240	4.9838109482003095	780
../Shapes/Piece0.binvox	240	1.2295458155852712	780
../Shapes/Piece3.binvox	56	1035.4069732223506	779
../Shapes/Piece2.binvox	180	7.557107630777641	778
../Shapes/Piece2.binvox	180	4.258399328437454	778
../Shapes/Piece1.binvox	448	3.610436552749427	777
../Shapes/Piece0.binvox	240	2.509234178424055	780
../Shapes/Piece0.binvox	240	8.139820039123224	780
../Shapes/Piece2.binvox	180	7.659343194264782	778
../Shapes/Piece0.binvox	240	4.6784515343931155	780
../Shapes/Piece3.binvox	56	5.396220560746839	779
../Shapes/Piece3.binvox	56	3.7433700926761846	779
../Shapes/Piece1.binvox	448	1.147505579082556	777
../Shapes/Piece1.binvox	448	9.421560646121394	777
../Shapes/Piece0.binvox	240	4.879111771986784	780
../Shapes/Piece0.binvox	240	9.500158020095919	780
../Shapes/Piece3.binvox	56	8.59506167949641	779
../Shapes/Piece0.binvox	240	1050.2039623636974	780
../Shapes/Piece2.binvox	180	2.678972792150486	778
