cylinder	(19, 19, 19)
../Shapes/Piece2.binvox	180	7.320473608959193	778
../Shapes/Piece1.binvox	448	7.247668845572191	777
../Shapes/Piece2.binvox	180	5.774224330721241	778
../Shapes/Piece3.binvox	56	957.6339065071415	779
../Shapes/Piece1.binvox	448	3.547634259172203	777
../Shapes/Piece1.binvox	448	4.295143866762125	777
../Shapes/Piece2.binvox	180	2.6028092404667422	778
../Shapes/Piece0.binvox	240	7.870711892324491	780
../Shapes/Piece0.binvox	240	5.046659716836247	780
../Shapes/Piece3.binvox	56	1093.1723269918923	779
../Shapes/Piece0.binvox	240	5.197671630361469	780
../Shapes/Piece2.binvox	180	8.4877632139461	778
../Shapes/Piece0.binvox	240	954.2411582657617	780
../Shapes/Piece3.binvox	56	1.7546522965470612	779
../Shapes/Piece0.binvox	240	978.4272630472027	780
../Shapes/Piece3.binvox	56	8.051758785452998	779
../Shapes/Piece1.binvox	448	5.083045180428711	777
../Shapes/Piece3.binvox	56	2.6449034344083695	779
../Shapes/Piece0.binvox	240	1.8891521279848051	780
../Shapes/Piece0.binvox	240	8.170717889696363	780
../Shapes/Piece2.binvox	180	7.454347553548292	778
../Shapes/Piece3.binvox	56	1084.7919186528798	779
../Shapes/Piece3.binvox	56	7.889635176477332	779
../Shapes/Piece3.binvox	56	6.9488373276172135	779
../Shapes/Piece0.binvox	240	9.015277807489351	780
../Shapes/Piece0.binvox	240	2.0096887204532905	780
../Shapes/Piece3.binvox	56	5.416339102896431	779
../Shapes/Piece2.binvox	180	1082.4841128133694	778
../Shapes/Piece2.binvox	180	917.4831537540293	778
../Shapes/Piece1.binvox	448	9.445729670100118	777
../Shapes/Piece0.binvox	240	3.3037801654653522	780
../Shapes/Piece0.binvox	240	8.007385717787583	780
../Shapes/Piece2.binvox	180	5.960471030676362	778
../Shapes/Piece0.binvox	240	990.4310390295357	780
../Shapes/Piece3.binvox	56	949.9894340674232	779
../Shapes/Piece3.binvox	56	3.8804968245028806	779
../Shapes/Piece1.binvox	448	6.944352107942857	777
../Shapes/Piece1.binvox	448	8.038907565815416	777
../Shapes/Piece0.binvox	240	5.331152817266072	780
../Shapes/Piece0.binvox	240	2.418269488993358	780
../Shapes/Piece3.binvox	56	987.4103243490794	779
../Shapes/Piece0.binvox	240	1055.0760947456836	780
../Shapes/Piece2.binvox	180	3.634197873712071	778
